0 0.643582298 -0.393697897 -0.656356452 0.579484104 0.810864949 0.081830361 0.500000000 -0.433012702 0.750000000
1 0.895088091 -0.297257930 -0.332347757 0.398518894 0.867652243 0.297257930 0.200000000 -0.398518894 0.895088091
2 0.104295919 -0.971340360 -0.213589013 0.992309386 0.116029114 -0.043119924 0.066666667 -0.207449150 0.975971519
3 0.937754371 -0.335220193 -0.090797362 0.304694866 0.919565609 -0.248113140 0.166666667 0.205003692 0.964466541
4 0.989536792 -0.130144893 -0.062283581 0.104004508 0.942616422 -0.317265415 0.100000000 0.307468027 0.946289286
5 0.273304913 -0.951056516 -0.144207931 0.841146032 0.309016994 -0.443826374 0.466666667 -0.000000000 0.884433277
6 0.261399073 -0.896007918 -0.358943359 0.804503623 0.407723309 -0.431897701 0.533333334 -0.175873574 0.827420112
7 0.834665602 -0.521400762 -0.177410762 0.481894410 0.847344098 -0.223127224 0.266666667 0.100743364 0.958509084
8 0.398518894 -0.876669237 -0.269506475 0.895088091 0.435835828 -0.094151156 0.200000000 -0.203711022 0.958385006
9 0.937754371 -0.290755421 -0.189942160 0.304694866 0.951230041 0.048191782 0.166666667 -0.103066455 0.980611813
10 0.372780291 -0.768391424 -0.520201378 0.837278242 0.520201378 -0.168391424 0.400000000 -0.372780291 0.837278242
11 0.964466541 -0.123628702 -0.233495686 0.205003692 0.907676515 0.366192341 0.166666667 -0.401047739 0.900767969
12 0.792671532 -0.608581553 -0.036060181 0.575909579 0.766896547 -0.283192238 0.200000000 0.203711022 0.958385006
13 0.834665602 -0.550704533 -0.007605965 0.481894410 0.736922021 -0.474050327 0.266666667 0.392008229 0.880464898
14 0.339934634 -0.642016805 -0.687210933 0.588784058 0.715085190 -0.376810966 0.733333333 -0.276527744 0.621091482
15 0.450616861 -0.879279846 0.154309416 0.780491298 0.304133547 -0.546201537 0.433333333 0.366564779 0.823317973
16 0.913037791 -0.391517246 -0.114351380 0.406510616 0.896401141 0.176675165 0.033333333 -0.207796152 0.977604034
17 0.603043067 -0.796832552 0.037375700 0.669747177 0.480300059 -0.566348454 0.433333333 0.366564779 0.823317973
18 0.422952585 -0.906043635 0.014001496 0.732575366 0.332799422 -0.593782686 0.533333333 0.261399073 0.804503623
19 0.948713423 -0.216844052 -0.230046732 0.099713799 0.895786293 -0.433155948 0.300000000 0.388002028 0.871466824
20 0.377384784 -0.697645672 -0.608991988 0.519425593 0.703897205 -0.484485065 0.766666667 -0.133488732 0.628015112
21 0.154968225 -0.927954548 -0.338947203 0.729068176 0.338947203 -0.594621215 0.666666667 -0.154968225 0.729068176
22 0.321022672 -0.926800152 -0.194899774 0.556027577 0.351030249 -0.753399693 0.766666667 0.133488733 0.628015111
23 0.638309916 -0.760544561 0.118879864 0.708914981 0.520601956 -0.475828910 0.300000000 0.388002029 0.871466824
24 0.203711022 -0.978147601 -0.041582338 0.958385006 0.207911691 -0.195629520 0.200000000 -0.000000000 0.979795897
25 0.083622771 -0.959749592 -0.268119288 0.795617516 0.226307903 -0.561940834 0.600000000 -0.166329353 0.782518081
26 0.485410197 -0.587785252 -0.647213595 0.352671151 0.809016995 -0.470228202 0.800000000 0.000000000 0.600000000
27 0.207449150 -0.934556866 0.289081847 0.975971519 0.177584820 -0.126266489 0.066666667 0.308329525 0.948940704
28 0.297827125 -0.864841370 0.404163840 0.916617637 0.140809032 -0.374145592 0.266666667 0.481894410 0.834665602
29 0.669747177 -0.536868459 -0.513040911 0.603043067 0.796374245 -0.046120730 0.433333333 -0.278496536 0.857124204
30 0.905388638 -0.291341235 -0.308855465 0.403104993 0.818269350 0.409806827 0.133333333 -0.495535625 0.858292879
31 0.477854834 -0.743144825 -0.468391424 0.530711558 0.669130606 -0.520201378 0.700000000 0.000000000 0.714142843
32 0.866025404 -0.497260948 0.052264232 0.500000000 0.861281226 -0.090524305 -0.000000000 0.104528463 0.994521895
33 0.586477608 -0.808681134 0.045594283 0.807217177 0.578927616 -0.115079297 0.066666667 0.104295919 0.992309386
34 0.304694866 -0.849390520 0.430925497 0.937754371 0.188361858 -0.291781681 0.166666667 0.493006649 0.853912564
35 0.692820323 -0.173205081 -0.700000000 0.400000000 0.900000000 0.173205081 0.600000000 -0.400000000 0.692820323
36 0.807970003 -0.486485636 -0.332439769 0.359731422 0.854118489 -0.375599401 0.466666667 0.183884018 0.865106288
37 0.713559154 -0.387041610 -0.583979559 0.411973570 0.906008983 -0.097085014 0.566666667 -0.171308243 0.805941918
38 0.465176191 -0.885217814 0.000729746 0.805708798 0.423052972 -0.414559425 0.366666667 0.193431137 0.910021951
39 0.866025404 -0.497260948 -0.052264232 0.500000000 0.861281226 0.090524305 0.000000000 -0.104528463 0.994521895
40 0.716234674 -0.697619525 0.018300001 0.644900597 0.651633334 -0.399345987 0.266666667 0.297827124 0.916617637
41 0.797701514 -0.576455043 0.177121081 0.579564074 0.651647165 -0.489347991 0.166666667 0.493006649 0.853912564
42 0.681103483 -0.728113069 0.077132384 0.613268331 0.509756176 -0.603366054 0.400000000 0.458257569 0.793725393
43 0.560711394 -0.754675804 -0.340686311 0.771753026 0.625401962 -0.115193984 0.300000000 -0.198335112 0.933093341
44 0.630862386 -0.680531969 -0.372677996 0.700643661 0.706011330 -0.103181700 0.333333333 -0.196021022 0.922206402
45 0.481894410 -0.683333333 -0.548482756 0.834665602 0.548482756 0.050000000 0.266666667 -0.481894410 0.834665602
46 0.207796152 -0.978147601 -0.006930390 0.977604034 0.207911691 -0.032604920 0.033333333 -0.000000000 0.999444290
47 0.309016994 -0.951056516 0.000000000 0.951056516 0.309016994 0.000000000 -0.000000000 0.000000000 1.000000000
48 0.834665602 -0.546892676 -0.065128597 0.481894410 0.782436838 -0.394424103 0.266666667 0.297827124 0.916617637
49 0.206869520 -0.978147601 -0.020791169 0.973244574 0.207911691 -0.097814760 0.100000000 -0.000000000 0.994987437
50 0.742731852 -0.601205752 -0.294789823 0.668758764 0.687968577 0.281888191 0.033333333 -0.406510615 0.913037791
51 0.977604034 -0.176675165 -0.114351380 0.207796152 0.896401141 0.391517246 0.033333333 -0.406510616 0.913037791
52 0.308329525 -0.877212596 0.368009463 0.948940704 0.256512436 -0.183610759 0.066666667 0.405831777 0.911513096
53 0.207796152 -0.896401141 0.391517246 0.977604034 0.176675165 -0.114351379 0.033333333 0.406510616 0.913037791
54 0.980611813 -0.162909586 -0.108907937 0.103066455 0.901455034 -0.420423748 0.166666667 0.401047739 0.900767969
55 0.805941918 -0.207911691 -0.554283640 0.171308243 0.978147601 -0.117816625 0.566666667 0.000000000 0.823947140
56 0.388002028 -0.913545458 -0.122020993 0.871466824 0.406736643 -0.274063637 0.300000000 -0.000000000 0.953939201
57 0.287494696 -0.914919157 0.283319142 0.884817696 0.140463575 -0.444260767 0.366666667 0.378408405 0.849919193
58 0.575909579 -0.759407794 0.302701105 0.792671532 0.428135261 -0.434018480 0.200000000 0.489897949 0.848528137
59 0.202172665 -0.966859092 0.155915713 0.951147606 0.155915713 -0.266474241 0.233333333 0.202172665 0.951147606
60 0.741491553 -0.669130606 -0.049542988 0.667641994 0.743144825 -0.044608707 0.066666667 -0.000000000 0.997775303
61 0.442216639 -0.885671201 -0.141530805 0.765941686 0.455016272 -0.454195470 0.466666667 0.092448451 0.879588260
62 0.419762631 -0.761576912 -0.493761015 0.577753696 0.643761016 -0.501769291 0.700000000 -0.074648254 0.710230694
63 0.655611423 -0.699081313 -0.285410197 0.728130251 0.685410197 -0.006260990 0.200000000 -0.203711022 0.958385006
64 0.797701514 -0.587785252 -0.134836166 0.579564075 0.809016994 -0.097964209 0.166666667 0.000000000 0.986013297
65 0.630862385 -0.732318494 0.256363558 0.700643661 0.395734842 -0.593710700 0.333333333 0.554169250 0.762748537
66 0.465176191 -0.865721958 0.184760932 0.805708798 0.327616498 -0.493457965 0.366666667 0.378408405 0.849919193
67 0.477854833 -0.851513639 -0.215822336 0.530711558 0.475629957 -0.701513639 0.700000000 0.220682275 0.679190204
68 0.895088091 -0.423606798 -0.139192636 0.398518894 0.900037849 -0.176393202 0.200000000 0.102416559 0.974428473
69 0.207449150 -0.959654547 0.189810433 0.975971519 0.189810433 -0.107012120 0.066666667 0.207449150 0.975971519
70 0.519856837 -0.848368164 -0.100101585 0.715521552 0.496445492 -0.491498507 0.466666667 0.183884018 0.865106288
71 0.663156106 -0.688191005 0.294307866 0.736509471 0.529941115 -0.420376276 0.133333333 0.495535625 0.858292879
72 0.497493719 -0.866507649 0.040798210 0.861684397 0.488208517 -0.138392354 0.100000000 0.104004508 0.989536792
73 0.571560504 -0.683289914 -0.454349518 0.786685544 0.613748480 0.066623247 0.233333333 -0.395509414 0.888328689
74 0.669747177 -0.587554815 -0.454112385 0.603043067 0.787190694 -0.129111852 0.433333334 -0.187377027 0.881539603
75 -0.239141799 -0.921494485 -0.306037766 0.736002778 0.033551330 -0.676146596 0.633333333 -0.386939559 0.670198976
76 0.884433277 -0.144207931 -0.443826374 0.000000000 0.951056516 -0.309016994 0.466666667 0.273304913 0.841146032
77 0.650660467 -0.694443977 -0.307227147 0.722631657 0.690560480 -0.030491167 0.233333333 -0.202172665 0.951147606
78 0.104470375 -0.907123775 -0.407691547 0.993969230 0.108975119 0.012230858 0.033333333 -0.406510615 0.913037791
79 0.684351658 -0.485231886 -0.544254376 0.497210583 0.856515326 -0.138430967 0.533333333 -0.175873574 0.827420112
80 0.378408405 -0.773905914 -0.507815631 0.849919193 0.507815631 -0.140572581 0.366666667 -0.378408405 0.849919193
81 0.665776547 -0.610125767 -0.429520823 0.739419765 0.616641345 0.270207074 0.100000000 -0.497493719 0.861684397
82 0.171308243 -0.960474015 -0.219415479 0.805941918 0.264711146 -0.529514527 0.566666667 -0.086125929 0.819433471
83 0.884817696 -0.140463575 -0.444260767 0.287494697 0.914919157 0.283319142 0.366666667 -0.378408405 0.849919193
84 0.797701514 -0.600683661 0.053398818 0.579564075 0.739148279 -0.343169499 0.166666667 0.304694866 0.937754371
85 0.388002028 -0.868212707 -0.309291322 0.871466824 0.454829506 -0.183509386 0.300000000 -0.198335112 0.933093341
86 0.937644235 -0.138607794 -0.318765067 0.098550380 0.985431734 -0.138607794 0.333333333 0.098550380 0.937644235
87 0.680916581 -0.406736643 -0.609030305 0.303163594 0.913545458 -0.271157762 0.666666667 0.000000000 0.745355992
88 -0.086125929 -0.890897624 -0.445963842 0.819433471 0.191256899 -0.540323593 0.566666667 -0.411973570 0.713559154
89 0.612312053 -0.506249208 -0.607277275 0.551328249 0.823943942 -0.130971533 0.566666667 -0.254613669 0.783620296
90 -0.203711022 -0.867891840 -0.453062439 0.958385006 -0.082242046 -0.273375980 0.200000000 -0.489897949 0.848528137
91 0.948940704 -0.315446616 0.002230002 0.308329525 0.925990433 -0.217886717 0.066666667 0.207449150 0.975971519
92 0.804961746 -0.576108773 -0.141898801 0.584838942 0.810729144 0.026108773 0.100000000 -0.104004508 0.989536792
93 0.655611423 -0.725085162 -0.210772794 0.728130251 0.681000996 -0.077871566 0.200000000 -0.102416559 0.974428473
94 0.805708798 -0.591155383 0.036995227 0.465176191 0.592868640 -0.657356743 0.366666667 0.546847410 0.752670888
95 0.816496581 -0.288675135 -0.500000000 0.471404521 0.833333333 0.288675135 0.333333333 -0.471404521 0.816496581
96 0.088421167 -0.885865997 -0.455437299 0.841271212 0.311229368 -0.442039622 0.533333333 -0.344060629 0.772772825
97 0.077910916 -0.958300746 -0.274935573 0.741272854 0.240092752 -0.626793448 0.666666667 -0.154968225 0.729068175
98 -0.294783425 -0.823911574 -0.484016994 0.907250094 -0.082294902 -0.412461897 0.300000000 -0.560711394 0.771753026
99 0.392008230 -0.736922021 -0.550704533 0.880464898 0.474050327 -0.007605965 0.266666667 -0.481894410 0.834665602
100 0.538714082 -0.780008999 -0.318391424 0.741476323 0.618391424 -0.260393757 0.400000000 -0.095801919 0.911494373
101 0.335129494 -0.845661959 -0.415384248 0.752713167 0.505479314 -0.421797999 0.566666667 -0.171308243 0.805941918
102 0.398518894 -0.691259040 -0.602779919 0.895088091 0.436450566 0.091259040 0.200000000 -0.575909579 0.792671532
103 0.871466824 -0.302139213 -0.386338543 0.388002028 0.906539921 0.166252211 0.300000000 -0.294783425 0.907250094
104 0.383474985 -0.865393863 -0.322552938 0.861298917 0.461160732 -0.213295463 0.333333333 -0.196021022 0.922206402
105 0.290468063 -0.834386585 -0.468430711 0.652401950 0.530804218 -0.540942305 0.700000000 -0.148478646 0.698537108
106 0.760845213 -0.420905693 -0.493915944 0.247213595 0.891724702 -0.379094307 0.600000000 0.166329353 0.782518081
107 0.760845213 -0.514398792 -0.395611481 0.247213595 0.793420240 -0.556210178 0.600000000 0.325389315 0.730836366
108 0.866025404 -0.456772729 0.203368322 0.500000000 0.791153574 -0.352244266 -0.000000000 0.406736643 0.913545458
109 0.422952585 -0.741234572 -0.521231638 0.732575366 0.618257094 -0.284765691 0.533333333 -0.261399073 0.804503624
110 0.916617637 -0.333834161 -0.219924670 0.297827124 0.937232910 -0.181365587 0.266666667 0.100743364 0.958509084
111 0.206055299 -0.978147601 -0.027721559 0.969413965 0.207911691 -0.130419680 0.133333333 -0.000000000 0.991071250
112 0.454921336 -0.790365476 -0.410327908 0.505241329 0.608499862 -0.611930648 0.733333333 0.071065690 0.676144873
113 0.780491298 -0.591495437 -0.202401781 0.450616861 0.756685421 -0.473678813 0.433333333 0.278496536 0.857124204
114 0.207449150 -0.974238052 0.088459417 0.975971519 0.199956444 -0.086585303 0.066666667 0.104295919 0.992309386
115 0.509036961 -0.809016994 -0.293892626 0.700629269 0.587785252 -0.404508497 0.500000000 -0.000000000 0.866025404
116 0.160898516 -0.929395457 -0.332168259 0.756968002 0.332168259 -0.562728790 0.633333333 -0.160898516 0.756968002
117 0.621091482 -0.474535599 -0.623747814 0.276527744 0.877362885 -0.392131067 0.733333333 0.071065690 0.676144874
118 0.307468027 -0.808188254 -0.502289915 0.946289286 0.315169393 0.072144587 0.100000000 -0.497493719 0.861684397
119 0.618465844 -0.288196661 -0.731055870 0.357071421 0.931795052 -0.065253213 0.700000000 -0.220682275 0.679190204
120 0.826135582 -0.557219585 0.083703845 0.476969601 0.612461481 -0.630389510 0.300000000 0.560711394 0.771753025
121 0.969413965 -0.193140160 -0.151437917 0.206055299 0.975686898 0.074674568 0.133333333 -0.103595155 0.985642058
122 0.713559154 -0.257167645 -0.651688680 0.411973570 0.906395623 0.093406386 0.566666667 -0.335129494 0.752713167
123 0.500000000 -0.791153574 -0.352244266 0.866025404 0.456772729 0.203368322 0.000000000 -0.406736643 0.913545458
124 0.913545458 -0.386829535 0.125688535 0.406736643 0.868833360 -0.282301072 -0.000000000 0.309016994 0.951056516
125 0.732575366 -0.663952810 -0.150000000 0.422952585 0.616666666 -0.663952810 0.533333333 0.422952585 0.732575366
126 -0.000000000 -0.866025404 -0.500000000 0.773879118 0.316666666 -0.548482756 0.633333333 -0.386939559 0.670198976
127 0.728130251 -0.682309900 0.065418183 0.655611423 0.665418183 -0.356920585 0.200000000 0.302773583 0.931841273
128 0.626081358 -0.468411477 -0.623388179 0.454874732 0.868736068 -0.195925041 0.633333333 -0.160898516 0.756968002
129 0.667641994 -0.743144825 -0.044608707 0.741491554 0.669130606 -0.049542988 0.066666667 -0.000000000 0.997775303
130 0.895088091 -0.445886895 -0.001478364 0.398518894 0.801478364 -0.445886895 0.200000000 0.398518894 0.895088091
131 0.094204576 -0.959843660 0.264245427 0.896296670 -0.033761330 -0.442167901 0.433333333 0.278496536 0.857124204
132 0.154968224 -0.837205429 -0.524472992 0.729068176 0.455169095 -0.511156229 0.666666667 -0.303163594 0.680916581
133 0.797701514 -0.546906719 -0.254097098 0.579564075 0.811705936 0.072380635 0.166666667 -0.205003692 0.964466541
134 0.871657695 -0.223169924 -0.436357706 0.283218754 0.955972948 0.076830076 0.400000000 -0.190554212 0.896487084
135 0.837278242 -0.499749963 -0.221844809 0.372780291 0.818557946 -0.437032886 0.400000000 0.283218754 0.871657695
136 0.556027577 -0.427858981 -0.712579838 0.321022671 0.901350470 -0.290709089 0.766666667 -0.067112013 0.638528151
137 0.916617637 -0.385455614 -0.106000361 0.297827124 0.835316418 -0.462109821 0.266666667 0.392008229 0.880464898
138 0.871466824 -0.433155948 -0.230046732 0.388002028 0.895786293 -0.216844052 0.300000000 0.099713799 0.948713423
139 0.612312053 -0.621446493 -0.488751681 0.551328249 0.778708277 -0.299417069 0.566666667 -0.086125928 0.819433471
140 0.554169250 -0.832073841 -0.023442820 0.762748537 0.518872704 -0.385986770 0.333333333 0.196021022 0.922206402
141 0.783620296 -0.127353471 -0.608046318 0.254613669 0.958620349 0.127353471 0.566666667 -0.254613669 0.783620296
142 0.535304485 -0.515600618 -0.669032967 0.594515860 0.792639765 -0.135178011 0.600000000 -0.325389314 0.730836366
143 0.577753696 -0.643761015 -0.501769291 0.419762631 0.761576912 -0.493761015 0.700000000 0.074648254 0.710230694
144 0.442216639 -0.798587943 -0.408291246 0.765941686 0.573100310 -0.291357801 0.466666667 -0.183884018 0.865106288
145 0.291344016 -0.935079505 -0.201853865 0.896664683 0.340461659 -0.282981105 0.333333333 -0.098550380 0.937644235
146 0.908966254 -0.415059642 0.038805199 0.404697850 0.856264507 -0.320984025 0.100000000 0.307468027 0.946289286
147 0.691386559 -0.715727322 0.098585127 0.622527254 0.520908353 -0.584049917 0.366666667 0.465176191 0.805708798
148 0.566021039 -0.817051518 -0.109758832 0.628630050 0.513904021 -0.583718184 0.533333333 0.261399073 0.804503624
149 0.603005665 -0.462804673 -0.649766114 0.438109260 0.872809649 -0.215089732 0.666666667 -0.154968225 0.729068176
150 0.308845271 -0.928132041 -0.207811243 0.950528005 0.308855424 0.033239124 0.033333333 -0.207796152 0.977604034
151 0.499722145 -0.758333333 0.418578945 0.865544145 0.418578945 -0.275000000 0.033333333 0.499722145 0.865544145
152 0.805708798 -0.327616498 -0.493457965 0.465176191 0.865721958 0.184760932 0.366666667 -0.378408405 0.849919193
153 0.708914982 -0.410295161 -0.573670140 0.638309916 0.719208324 0.274408159 0.300000000 -0.560711394 0.771753026
154 0.519856837 -0.684657589 -0.510874597 0.715521552 0.675683661 -0.177427447 0.466666667 -0.273304913 0.841146032
155 0.722631657 -0.689964712 0.041859092 0.650660467 0.658525759 -0.378133286 0.233333333 0.300487139 0.924804322
156 0.849919193 -0.439522048 -0.290616129 0.378408405 0.892951923 -0.243811285 0.366666667 0.097248305 0.925255815
157 0.621091482 -0.179808749 -0.762832999 0.276527744 0.961004953 -0.001373921 0.733333333 -0.210091158 0.646594098
158 0.612312053 -0.742063312 -0.272792943 0.551328249 0.648070618 -0.525396646 0.566666667 0.171308243 0.805941918
159 0.303163594 -0.880197256 -0.365163834 0.680916581 0.468169499 -0.563178417 0.666666667 -0.077910916 0.741272854
160 0.691386559 -0.500451008 -0.521088682 0.622527254 0.778688556 0.078127782 0.366666667 -0.378408405 0.849919193
161 0.807217177 -0.536004194 0.247184008 0.586477608 0.681036427 -0.438444295 0.066666667 0.498887652 0.864098760
162 0.484303977 -0.722087157 -0.494003841 0.666587238 0.670256386 -0.326217459 0.566666667 -0.171308243 0.805941917
163 0.896487084 -0.398180385 -0.194327787 0.190554212 0.742455062 -0.642222371 0.400000000 0.538714082 0.741476323
164 0.587458614 -0.806633124 0.065079793 0.808567416 0.581746460 -0.088259793 0.033333333 0.104470376 0.993969230
165 0.088421167 -0.961198438 -0.261303004 0.841271212 0.212523054 -0.497088220 0.533333333 -0.175873574 0.827420112
166 0.638309916 -0.597248599 -0.485648599 0.708914981 0.701960495 0.068490963 0.300000000 -0.388002028 0.871466824
167 0.303163594 -0.913545458 -0.271157762 0.680916581 0.406736643 -0.609030305 0.666666667 -0.000000000 0.745355992
168 0.586477608 -0.783190870 -0.206533473 0.807217177 0.586154340 0.069451557 0.066666667 -0.207449150 0.975971519
169 0.471404521 -0.798593478 0.374200795 0.816496581 0.234829510 -0.527435716 0.333333333 0.554169250 0.762748537
170 0.366564779 -0.913545458 -0.176252545 0.823317973 0.406736643 -0.395869698 0.433333333 0.000000000 0.901233722
171 0.665776547 -0.712993320 -0.219959347 0.739419765 0.669959347 0.066429543 0.100000000 -0.206869520 0.973244574
172 0.827420112 -0.261303004 -0.497088220 0.175873574 0.961198438 -0.212523054 0.533333333 0.088421167 0.841271213
173 0.729113397 -0.684323976 -0.009713391 0.529731891 0.573275798 -0.625091180 0.433333333 0.450616861 0.780491298
174 0.497493719 -0.857496255 0.131149426 0.861684397 0.471068120 -0.188665912 0.100000000 0.206869520 0.973244574
175 0.638309916 -0.743951889 0.197727182 0.708914981 0.468012380 -0.527639992 0.300000000 0.476969601 0.826135582
176 0.857124204 -0.350402907 -0.377565758 0.278496536 0.931849398 -0.232586282 0.433333333 0.094204576 0.896296670
177 0.401047739 -0.757258854 -0.515480106 0.900767969 0.428373054 0.071509393 0.166666666 -0.493006649 0.853912564
178 0.698537108 -0.409320731 -0.586943309 0.148478646 0.885299877 -0.440679269 0.700000000 0.220682275 0.679190204
179 0.183884018 -0.982931128 0.005750325 0.865106288 0.159058738 -0.475700986 0.466666667 0.092448451 0.879588259
180 -0.000000000 -0.913545458 -0.406736643 0.997775303 0.027115776 -0.060903031 0.066666667 -0.405831777 0.911513096
181 0.913037791 -0.396239570 0.096727423 0.406510615 0.864643743 -0.295195389 0.033333333 0.308845271 0.950528005
182 0.908966254 -0.358599428 -0.212571871 0.404697850 0.881402214 0.243618118 0.100000000 -0.307468027 0.946289286
183 0.458257569 -0.805518333 -0.375686326 0.793725393 0.561096523 -0.234884423 0.400000000 -0.190554212 0.896487084
184 0.643582297 -0.669130606 -0.371572413 0.579484104 0.743144825 -0.334565303 0.500000000 -0.000000000 0.866025404
185 0.304694866 -0.951230041 0.048191782 0.937754371 0.290755421 -0.189942160 0.166666667 0.103066455 0.980611813
186 0.166329353 -0.982709092 0.081347329 0.782518081 0.081347329 -0.617290908 0.600000000 0.166329353 0.782518081
187 0.196021022 -0.881752619 0.429054865 0.922206402 0.017032206 -0.386322736 0.333333333 0.471404521 0.816496581
188 0.314764994 -0.881614441 -0.351680218 0.706973753 0.464986449 -0.532893718 0.633333333 -0.080892395 0.769639727
189 0.493006649 -0.864426645 0.098544506 0.853912564 0.459064333 -0.245139291 0.166666667 0.205003692 0.964466541
190 0.098550380 -0.894369108 -0.436338998 0.937644235 0.230327668 -0.260331430 0.333333333 -0.383474985 0.861298917
191 0.713559154 -0.591105990 -0.376067868 0.411973570 0.788192359 -0.457198626 0.566666667 0.171308243 0.805941918
192 0.708875673 -0.373599151 -0.598263281 0.230327669 0.924312481 -0.304295254 0.666666667 0.077910916 0.741272854
193 0.630862386 -0.715759402 -0.299501466 0.700643661 0.691358301 -0.176414739 0.333333333 -0.098550380 0.937644235
194 0.411973570 -0.890897624 -0.191256899 0.713559154 0.445963842 -0.540323593 0.566666667 0.086125928 0.819433471
195 0.183884018 -0.976945455 0.108463105 0.865106288 0.108463105 -0.489721211 0.466666667 0.183884018 0.865106288
196 0.665776547 -0.743144825 -0.066913061 0.739419765 0.669130607 -0.074314483 0.100000000 0.000000000 0.994987437
197 0.793725393 -0.533470670 -0.292248259 0.458257570 0.840375533 -0.289428684 0.400000000 0.095801919 0.911494373
198 0.655611423 -0.576669237 -0.487469233 0.728130251 0.653798586 0.205848844 0.200000000 -0.489897949 0.848528137
199 0.372780291 -0.709806245 -0.597670435 0.837278242 0.534953357 -0.113093108 0.400000000 -0.458257569 0.793725393
200 0.000000000 -0.809016994 -0.587785253 0.963788820 0.156742734 -0.215737865 0.266666666 -0.566500855 0.779721534
201 0.000000000 -0.951056516 -0.309016994 0.642045343 0.236913029 -0.729143329 0.766666667 -0.198402922 0.610621407
202 0.780491298 -0.625091180 -0.009713391 0.450616861 0.573275798 -0.684323976 0.433333333 0.529731891 0.729113397
203 0.205003692 -0.949568184 -0.237263042 0.964466541 0.237263042 -0.116234850 0.166666667 -0.205003692 0.964466541
204 0.591801375 -0.803266669 -0.067333431 0.657262014 0.529213646 -0.536600002 0.466666667 0.273304913 0.841146032
205 0.207911691 -0.956772729 -0.203368322 0.978147601 0.203368322 0.043227271 0.000000000 -0.207911691 0.978147601
206 0.973244574 -0.227962192 -0.028779119 0.206869520 0.923848825 -0.322037808 0.100000000 0.307468027 0.946289286
207 0.896487084 -0.207911691 -0.391259040 0.190554212 0.978147601 -0.083164676 0.400000000 -0.000000000 0.916515139
208 0.628630049 -0.706894258 -0.324229500 0.566021039 0.701770764 -0.432594474 0.533333333 0.088421167 0.841271212
209 0.958385006 -0.207911691 -0.195629520 0.203711022 0.978147601 -0.041582338 0.200000000 -0.000000000 0.979795897
210 0.433012702 -0.835149110 -0.339154778 0.750000000 0.542523100 -0.378376381 0.500000000 -0.090524305 0.861281226
211 0.187377027 -0.892148204 0.411049184 0.881539603 -0.031875174 -0.471032803 0.433333333 0.450616861 0.780491298
212 0.804503623 -0.254304180 -0.536752554 0.261399073 0.963073767 -0.064493746 0.533333333 -0.088421167 0.841271212
213 0.779721534 -0.562014556 -0.275996320 0.566500855 0.820969192 -0.071318778 0.266666667 -0.100743364 0.958509084
214 0.577753696 -0.306628748 -0.756425461 0.419762631 0.906425461 -0.046821127 0.700000000 -0.290468063 0.652401950
215 0.406736643 -0.834565303 -0.371572413 0.913545458 0.371572413 0.165434697 0.000000000 -0.406736643 0.913545458
216 0.476969601 -0.777286554 -0.410275045 0.826135582 0.555813229 -0.092583234 0.300000000 -0.294783425 0.907250094
217 0.710230694 -0.314539393 -0.629791499 0.074648254 0.923235779 -0.376912900 0.700000000 0.220682275 0.679190204
218 0.973244574 -0.229721628 -0.004792927 0.206869520 0.885125767 -0.416842150 0.100000000 0.404697850 0.908966253
219 0.884817696 -0.454972898 -0.100485359 0.287494697 0.702821153 -0.650683661 0.366666667 0.546847410 0.752670888
220 0.104004508 -0.974962475 0.196548302 0.989536792 0.081566993 -0.119011610 0.100000000 0.206869520 0.973244574
221 0.477854833 -0.690113565 -0.543505314 0.530711558 0.719840889 -0.447408466 0.700000000 -0.074648254 0.710230694
222 0.210091158 -0.974535599 0.078371367 0.646594098 0.078371367 -0.758797734 0.733333333 0.210091158 0.646594098
223 0.422952585 -0.883333333 0.202072594 0.732575366 0.202072594 -0.650000000 0.533333333 0.422952585 0.732575366
224 0.429612189 -0.792696916 -0.432510077 0.477132674 0.605910536 -0.636566441 0.766666667 0.067112013 0.638528151
225 0.752713167 -0.611082145 -0.244952037 0.335129494 0.675911525 -0.656377813 0.566666667 0.411973570 0.713559154
226 0.871466824 -0.490147421 0.017351660 0.388002028 0.667351660 -0.635685604 0.300000000 0.560711394 0.771753026
227 0.594515860 -0.498594395 -0.630836366 0.535304485 0.830836366 -0.152184234 0.600000000 -0.247213595 0.760845213
228 0.098550381 -0.843859815 -0.527435716 0.937644235 0.256277954 -0.234829510 0.333333333 -0.471404521 0.816496581
229 0.154968224 -0.978147601 -0.138607794 0.729068176 0.207911691 -0.652098400 0.666666667 -0.000000001 0.745355993
230 0.465176191 -0.880292219 0.093256206 0.805708798 0.377402183 -0.456509502 0.366666667 0.287494697 0.884817696
231 0.175873574 -0.961198438 -0.212523054 0.827420112 0.261303004 -0.497088220 0.533333333 -0.088421167 0.841271212
232 0.339934634 -0.710332872 -0.616337290 0.588784058 0.671780408 -0.449493512 0.733333333 -0.210091158 0.646594098
233 0.308329525 -0.925990433 -0.217886717 0.948940704 0.315446616 0.002230002 0.066666667 -0.207449150 0.975971519
234 0.826135582 -0.524418239 -0.206120136 0.476969601 0.845601956 -0.239702589 0.300000000 0.099713799 0.948713423
235 0.668758764 -0.654734474 0.352256276 0.742731852 0.567098357 -0.356018046 0.033333333 0.499722145 0.865544145
236 0.554169250 -0.602665061 -0.574187484 0.762748537 0.643873126 0.060349536 0.333333333 -0.471404521 0.816496581
237 0.401047738 -0.889781450 0.217829482 0.900767969 0.339779356 -0.270494095 0.166666667 0.304694865 0.937754371
238 0.842120340 -0.537972124 -0.037673960 0.486198405 0.787587121 -0.378573161 0.233333333 0.300487139 0.924804322
239 0.847100671 -0.424593706 -0.319594490 0.180056806 0.795122748 -0.579102203 0.500000000 0.433012702 0.750000000
240 0.575104262 -0.781822464 -0.240849999 0.517826203 0.575816667 -0.632685695 0.633333333 0.239141799 0.736002778
241 0.866025404 -0.433012702 -0.250000000 0.500000000 0.750000000 0.433012702 -0.000000000 -0.500000000 0.866025404
242 -0.000000000 -0.913545458 -0.406736643 0.942809042 0.135578880 -0.304515153 0.333333333 -0.383474985 0.861298918
243 0.383474985 -0.889710202 0.247714942 0.861298917 0.247714942 -0.443623131 0.333333333 0.383474985 0.861298917
244 0.247213595 -0.916344202 0.314958318 0.760845213 -0.017700388 -0.648691959 0.600000000 0.400000000 0.692820323
245 0.193431137 -0.953831340 0.229761117 0.910021951 0.086905550 -0.405348584 0.366666667 0.287494697 0.884817696
246 0.879588259 -0.141530804 -0.454195470 -0.092448451 0.885671201 -0.455016272 0.466666667 0.442216639 0.765941686
247 0.913037791 -0.404179698 0.054779227 0.406510616 0.890763454 -0.203198396 0.033333333 0.207796152 0.977604034
248 0.405831777 -0.905706590 -0.122458736 0.911513096 0.410874597 -0.018053841 0.066666667 -0.104295919 0.992309386
249 0.708914981 -0.669130606 -0.222943448 0.638309916 0.743144826 -0.200739182 0.300000000 -0.000000000 0.953939201
250 0.560711394 -0.612461481 -0.557219585 0.771753026 0.630389510 0.083703845 0.300000000 -0.476969601 0.826135582
251 0.000000000 -0.866025404 -0.500000000 0.972396810 0.116666667 -0.202072594 0.233333333 -0.486198405 0.842120340
252 0.881539603 -0.162466880 -0.443274679 0.187377027 0.982206705 0.012642750 0.433333333 -0.094204576 0.896296670
253 0.517826203 -0.855473656 0.004565814 0.575104262 0.344154909 -0.742167425 0.633333333 0.386939559 0.670198975
254 0.666587238 -0.723434099 -0.179734687 0.484303977 0.603598647 -0.633339033 0.566666667 0.335129494 0.752713167
255 0.663156106 -0.679203032 -0.314495183 0.736509471 0.667000274 0.112536365 0.133333333 -0.306257859 0.942564770
256 0.470228202 -0.718013576 -0.513168532 0.647213595 0.675863189 -0.352595394 0.600000000 -0.166329353 0.782518081
257 0.193431137 -0.836147421 0.513265901 0.910021951 -0.042607511 -0.412364704 0.366666667 0.546847410 0.752670888
258 0.497493719 -0.866025404 -0.050000000 0.861684397 0.500000000 -0.086602540 0.100000000 -0.000000000 0.994987437
259 -0.097248305 -0.924129997 -0.369494946 0.925255815 0.052828279 -0.375647242 0.366666667 -0.378408405 0.849919193
260 0.742731852 -0.628726211 -0.230331820 0.668758764 0.713665153 0.208431680 0.033333333 -0.308845271 0.950528005
261 0.594515860 -0.356540656 -0.720714682 0.535304485 0.844321479 0.023881951 0.600000000 -0.400000000 0.692820323
262 0.344060629 -0.913545458 -0.216926210 0.772772825 0.406736643 -0.487224244 0.533333333 -0.000000000 0.845905169
263 0.582537065 -0.796393076 -0.162507344 0.801793484 0.595840677 -0.045837726 0.133333333 -0.103595155 0.985642058
264 0.791153574 -0.452254249 -0.411754924 0.352244266 0.887283182 -0.297745751 0.500000000 0.090524304 0.861281226
265 0.612312053 -0.790041804 -0.030131332 0.551328249 0.453995292 -0.699946738 0.566666667 0.411973570 0.713559154
266 0.849919193 -0.328204985 -0.412212146 0.378408405 0.924589575 0.044059008 0.366666667 -0.193431137 0.910021951
267 0.942809042 -0.103005665 -0.317018839 0.000000000 0.951056516 -0.309016994 0.333333333 0.291344016 0.896664683
268 0.200382963 -0.966993822 -0.157383660 0.942727722 0.234037866 -0.237677765 0.266666667 -0.100743364 0.958509084
269 0.618465844 -0.615113565 -0.489014624 0.357071422 0.774331579 -0.522408466 0.700000000 0.148478646 0.698537108
270 0.670198975 -0.679860764 -0.297695609 0.386939559 0.662353637 -0.641533660 0.633333333 0.314764994 0.706973753
271 0.314764994 -0.919953511 0.233684695 0.706973753 0.062954870 -0.704432252 0.633333333 0.386939559 0.670198975
272 0.411973570 -0.866025404 -0.283333333 0.713559154 0.500000000 -0.490747729 0.566666667 0.000000000 0.823947140
273 -0.190554212 -0.840221002 -0.507659098 0.896487084 0.061772203 -0.438742638 0.400000000 -0.538714082 0.741476323
274 0.655611423 -0.624464592 -0.424520477 0.728130251 0.671734072 0.136380621 0.200000000 -0.398518894 0.895088091
275 0.307468027 -0.881402214 0.358599428 0.946289286 0.243618118 -0.212571871 0.100000000 0.404697850 0.908966254
276 0.579484103 -0.404564242 -0.707478585 0.643582298 0.759742816 0.092696705 0.500000000 -0.509036960 0.700629269
277 0.786685544 -0.604297207 -0.126296238 0.571560504 0.790249047 -0.220963874 0.233333333 0.101643144 0.967069918
278 0.992309386 -0.116029114 -0.043119924 0.104295919 0.971340360 -0.213589013 0.066666667 0.207449150 0.975971519
279 0.644900597 -0.757725319 -0.099777557 0.716234674 0.644750429 -0.267029541 0.266666667 0.100743364 0.958509084
280 0.871657695 -0.411449677 -0.266311896 0.283218754 0.866311896 -0.411449677 0.400000000 0.283218754 0.871657695
281 0.884433277 -0.233333333 -0.404145188 -0.000000000 0.866025404 -0.500000000 0.466666667 0.442216639 0.765941686
282 0.372780291 -0.891534738 -0.257294902 0.837278242 0.442705098 -0.320900828 0.400000000 -0.095801919 0.911494373
283 0.782518081 -0.428645864 -0.451584075 0.166329353 0.842843116 -0.511810540 0.600000000 0.325389314 0.730836366
284 0.196021022 -0.942363638 -0.271157762 0.922206402 0.271157762 -0.275696972 0.333333333 -0.196021022 0.922206402
285 0.302773583 -0.951056516 -0.061803399 0.931841273 0.309016994 -0.190211303 0.200000000 -0.000000000 0.979795897
286 0.743144826 -0.636381023 0.206772729 0.669130606 0.706772729 -0.229644380 -0.000000000 0.309016994 0.951056516
287 0.335129493 -0.913545458 -0.230484098 0.752713167 0.406736643 -0.517675759 0.566666667 -0.000000000 0.823947140
288 0.433012702 -0.899078594 -0.064480094 0.750000000 0.399045397 -0.527506181 0.500000000 0.180056806 0.847100671
289 0.395509414 -0.795963874 -0.458272642 0.888328689 0.458272642 -0.029297207 0.233333333 -0.395509414 0.888328689
290 0.458257569 -0.866025404 -0.200000000 0.793725393 0.500000000 -0.346410162 0.400000000 0.000000000 0.916515139
291 0.207796152 -0.972064783 -0.109136690 0.977604034 0.210180871 -0.010693617 0.033333333 -0.104470376 0.993969230
292 0.750000000 -0.280650596 -0.598945108 0.433012702 0.892837735 0.123857901 0.500000000 -0.352244266 0.791153574
293 0.760845213 -0.117557050 -0.638196601 0.247213595 0.961803399 0.117557050 0.600000000 -0.247213595 0.760845213
294 0.752713167 -0.226858928 -0.618027439 0.335129494 0.940056863 0.063097668 0.566666667 -0.254613669 0.783620296
295 0.900767969 -0.433879713 -0.019117025 0.401047739 0.847885271 -0.346772661 0.166666667 0.304694866 0.937754371
296 0.779721534 -0.401168028 -0.480727098 0.566500855 0.779000636 0.268765308 0.266666667 -0.481894410 0.834665602
297 0.797701514 -0.598659520 -0.072657230 0.579564075 0.794345066 -0.181992854 0.166666667 0.103066455 0.980611813
298 0.000000000 -0.951056516 -0.309016994 0.953939201 0.092705099 -0.285316955 0.300000000 -0.294783425 0.907250094
299 0.254613669 -0.940056864 0.226858928 0.783620296 0.063097668 -0.618027439 0.566666667 0.335129494 0.752713167
300 0.438109260 -0.579691267 -0.687035888 0.603005665 0.756339785 -0.253642067 0.666666667 -0.303163594 0.680916581
301 0.090524305 -0.961922861 -0.257894862 0.861281226 0.205630630 -0.464661913 0.500000000 -0.180056806 0.847100671
302 0.795617516 -0.338196601 -0.502609020 0.083622771 0.883031626 -0.461803399 0.600000000 0.325389314 0.730836366
303 0.095801919 -0.891534738 -0.442705098 0.911494373 0.257294902 -0.320900828 0.400000000 -0.372780291 0.837278242
304 0.807217177 -0.587785252 -0.053934466 0.586477608 0.809016995 -0.039185683 0.066666667 -0.000000000 0.997775303
305 0.571560504 -0.818921182 -0.051833268 0.786685544 0.564833399 -0.249176816 0.233333333 0.101643144 0.967069918
306 0.486198405 -0.871357035 0.065939586 0.842120340 0.447060545 -0.301612669 0.233333333 0.202172665 0.951147606
307 0.097248304 -0.782057009 -0.615572581 0.925255815 0.298905914 -0.233574253 0.366666667 -0.546847410 0.752670888
308 0.383474985 -0.818765067 0.427282928 0.861298917 0.150067341 -0.485431734 0.333333333 0.554169250 0.762748537
309 0.575104262 -0.616267841 -0.538023268 0.517826203 0.783371157 -0.343781405 0.633333333 -0.080892395 0.769639727
310 0.630862386 -0.775696972 0.017517373 0.700643661 0.559832897 -0.442363638 0.333333333 0.291344016 0.896664683
311 0.101643144 -0.967718245 -0.230629724 0.967069918 0.150491236 -0.205251458 0.233333333 -0.202172665 0.951147606
312 0.913545458 -0.397848472 0.084565303 0.406736643 0.893582297 -0.189936781 0.000000000 0.207911691 0.978147601
313 0.797701514 -0.441618878 -0.410664171 0.579564075 0.749611373 0.319669004 0.166666667 -0.493006649 0.853912564
314 0.969413965 -0.176252545 -0.170796968 0.206055299 0.962536365 0.176252545 0.133333333 -0.206055299 0.969413965
315 0.530711558 -0.475629957 -0.701513639 0.477854833 0.851513639 -0.215822336 0.700000000 -0.220682275 0.679190204
316 0.092448451 -0.930772696 -0.353716656 0.879588259 0.242830421 -0.409093975 0.466666667 -0.273304913 0.841146032
317 0.097248305 -0.892951923 -0.439522048 0.925255815 0.243811285 -0.290616129 0.366666667 -0.378408405 0.849919193
318 0.220682275 -0.971352549 0.088167788 0.679190204 0.088167788 -0.728647451 0.700000000 0.220682275 0.679190204
319 0.765941686 -0.539505623 -0.349667007 0.442216639 0.836891251 -0.322579414 0.466666667 0.092448451 0.879588259
320 0.458257569 -0.761835705 -0.457827871 0.793725393 0.582574885 -0.174947144 0.400000000 -0.283218754 0.871657695
321 0.713559154 -0.500000000 -0.490747729 0.411973570 0.866025404 -0.283333333 0.566666667 -0.000000000 0.823947140
322 0.092448452 -0.836891251 -0.539505624 0.879588259 0.322579414 -0.349667007 0.466666667 -0.442216639 0.765941686
323 0.175873574 -0.938683793 0.296548856 0.827420112 -0.022249071 -0.561142529 0.533333333 0.344060629 0.772772825
324 0.951147606 -0.250820930 -0.180019699 0.202172665 0.946686365 -0.250820930 0.233333333 0.202172665 0.951147606
325 0.398518894 -0.913545458 -0.081347329 0.895088091 0.406736643 -0.182709092 0.200000000 0.000000000 0.979795897
326 0.325389314 -0.842843116 -0.428645864 0.730836366 0.511810540 -0.451584075 0.600000000 -0.166329353 0.782518081
327 0.099713799 -0.895786293 -0.433155948 0.948713423 0.216844052 -0.230046732 0.300000000 -0.388002028 0.871466824
328 0.916617637 -0.179146529 -0.357377431 0.297827124 0.902350303 0.311549249 0.266666667 -0.392008229 0.880464898
329 0.000000000 -0.866025404 -0.500000000 1.000000000 0.000000000 0.000000000 0.000000000 -0.500000000 0.866025404
330 0.306257859 -0.885591832 0.349189392 0.942564770 0.230723800 -0.241532983 0.133333333 0.403104993 0.905388638
331 -0.104004508 -0.949076636 -0.297382919 0.989536792 -0.068680060 -0.126885724 0.100000000 -0.307468027 0.946289286
332 0.728130251 -0.685410197 -0.006260990 0.655611423 0.699081313 -0.285410197 0.200000000 0.203711022 0.958385006
333 0.303163594 -0.936884664 -0.174180829 0.680916581 0.340847495 -0.648209530 0.666666667 0.077910916 0.741272854
334 -0.095801920 -0.882186919 -0.461051226 0.911494373 0.108380074 -0.396776723 0.400000000 -0.458257569 0.793725393
335 0.594515860 -0.669130606 -0.445886895 0.535304485 0.743144825 -0.401478364 0.600000000 0.000000000 0.800000000
336 -0.094204576 -0.831209240 -0.547920338 0.896296670 0.168746328 -0.410093839 0.433333333 -0.529731891 0.729113398
337 0.896296670 -0.306004049 -0.320957633 0.094204576 0.838633392 -0.536488146 0.433333333 0.450616861 0.780491298
338 0.657262014 -0.629214472 -0.414844301 0.591801375 0.771713958 -0.232870565 0.466666667 -0.092448451 0.879588259
339 0.993969230 -0.100490651 -0.043895326 0.104470376 0.989438007 0.100490651 0.033333333 -0.104470376 0.993969230
340 0.834665602 -0.268765308 -0.480727098 0.481894410 0.779000636 0.401168028 0.266666667 -0.566500855 0.779721534
341 0.582537065 -0.661443586 -0.472380092 0.801793484 0.562971427 0.200475390 0.133333333 -0.495535625 0.858292879
342 0.584838942 -0.810729144 0.026108773 0.804961746 0.576108773 -0.141898801 0.100000000 0.104004508 0.989536792
343 0.913545458 -0.397848472 -0.084565303 0.406736643 0.893582297 0.189936781 -0.000000000 -0.207911691 0.978147601
344 0.969413965 -0.207911691 -0.130419680 0.206055299 0.978147601 -0.027721559 0.133333333 0.000000000 0.991071250
345 -0.000000000 -0.866025404 -0.500000000 0.942809042 0.166666666 -0.288675135 0.333333333 -0.471404520 0.816496581
346 0.691386559 -0.722111444 0.023231191 0.622527254 0.579104603 -0.526400681 0.366666667 0.378408405 0.849919193
347 0.586477608 -0.800489095 -0.123536323 0.807217177 0.590202990 0.007801282 0.066666667 -0.104295919 0.992309386
